A4             144.3-15.5         21                       21                          21                  -0.17  6.1 40 12.8  1.630                  20.0 87          1.5  99 indef.
A12            198.6-06.3  0.119  3                   8.93 3                      8.06 3                   -0.87  2.0 34  9.5  0.219                  37.0 78         36.0  99 IIbD
A18            216.0-00.2  0.152  3                   7.99 3                      7.97 3                   -0.02  1.6 34  8.9  0.006                  73.0 67         17.0  99 ID
A20            214.9+07.8  0.125  3                   8.80 3                           3                          2.0 34  9.3  0.271                  67.0 67          7.0  99 (I/IIa)D*
A24            217.1+14.7         21                       21                          21                  +0.43  0.3 37  7.8  0.076   +0.9    14.0  354.8 87         36.0  99 indef.
A35            303.6+40.0         21                       21                          21                  -0.10  0.2 47  7.5  0.129   -5.9    15.1  772.0 87        255.0  99 indef.
A50            078.5+18.7  0.089  21                       21                          21                  -0.40  2.8 40  7.5  0.898 -145.2   175.2   27.0 87          1.0  99 IIaC
A65            017.3-21.9  0.260: 22                  8.18 22                     7.33 22                  -0.85  1.5 40  6.3  0.559  +21.8     1.9  104.0 87          4.0  99 IIaF
A70            038.1-25.4  0.180  22                  7.98 22                     7.52 22                  -0.46  3.5 40  5.5  1.501  -69.0   145.0   42.0 87         12.0  99 IIaE
A71            084.9+04.4         21                       21                          21                  +0.38  0.9 40  7.6  0.069                 158.0 87         82.8  99 indef.
A77            097.5+03.1         21                  8.41 21                     7.02 21                  -1.39  1.5 40  7.9  0.081 -103.4   122.5   65.8 87        307.6  99 indef.
A82            114.0-04.6         21                       21                          21                  -0.28  2.0 40  8.6  0.160  -24.6    25.4   81.0 87          5.3  99 indef.
Al2-0          358.3-02.5  0.160  6                   8.66 6                      8.43 6                   -0.23  5.7 35  1.9  0.249  -70.4    43.1    2.4 83         36.8  98 VF
BD+30 3639     064.7+05.0  0.043: 21                  8.66 24                     8.04 24                  -0.62  1.5 48  7.1  0.131  -17.1    61.1    5.0 80        600.0  99 IIbC/IIIB
Bl3-13         000.9-02.0  0.105  6                   8.91 6                      7.68 6                   -1.23  6.9 35  0.7  0.241 +255.0   207.7    5.2 77,72      10.0  91 VF
BoBn1          108.4-76.1  0.098  23                  7.76 23                     7.91 23                  +0.15 10.8 39  8.8 10.484 +192.0   192.7    3.0 71               -- IVF
BV1            119.3+00.3  0.165  23                  8.48 23                     8.56 23                  +0.08  2.2 33  8.9  0.011                  18.0 79               -- ID
BV5-1          119.3+00.3  0.174  21                  8.48 21                     8.65 21                  +0.17  4.1 54 10.3  0.021  -66.7    39.4   41.6 87         17.7  99 IF
Cn1-5          002.2-09.4  0.110  13,23               9.04 13,23                  8.46 13,23               -0.58  4.9 33  2.8  0.800  -22.6    43.0    7.0 87         44.0  99 VF
Cn2-1          356.2-04.4  0.110  4                   8.80 4                      8.28 4                   -0.52  3.6 40  4.0  0.276 -161.8   143.1    1.7 87         49.0  99 VF
Cn3-1          038.2+12.0  0.038: 21                  8.67 16,21                  9.12 21                  +0.45  2.9 40  5.7  0.603   +3.6    71.3    5.0 88         75.0  99 IIaC
CRL 618        166.4-06.5         21                       21                          21                  -0.10  3.5 33 11.0  0.396                  12.0 87         67.0  99 indef.
DdDm1          061.9+41.3  0.096  10,9,23             8.13 10,9,23                7.44 10,9,23             -0.69 11.0 33  8.2  7.280 -289.6   297.4    0.6 79          6.0  99 IVF
Fg1            290.5+07.9  0.123  12,17,22            8.53 12,17,16,22            7.88 12,17               -0.66  2.4 40  7.1  0.330  +22.3    66.4   27.2 87         55.0  99 IIbC/IIIB
H1-11          002.6+08.1  0.106  6                   8.67 6                      8.02 6                   -0.65  6.7 40  1.0  0.944  +14.5    75.7    6.0 87         13.0  99 VF
H1-13          352.8-00.2  0.123  6                   8.99 6                      8.84 6                   -0.15  0.8 40  6.8  0.003  -18.8    11.2   14.0 87        620.0  99 VA
H1-14          001.7+05.7  0.103  6                   8.27 6                      7.62 6                   -0.65  5.6 35  2.0  0.556  +70.2    45.2    6.6 67         22.0  99 VF
H1-15          001.4+05.3  0.100  4                   8.69 4                      7.43 4                   -1.26  5.6 40  2.0  0.517  +42.8    22.1    4.3 87         13.0  99 VF
H1-16          000.1+04.3  0.093  4                   8.87 4                      8.09 4                   -0.78      --              +65.0            1.8 88         58.4  95 (V/IIb/III/IV)D
H1-17          358.3+03.0  0.083  4                   8.32 4                      8.08 4                   -0.24 10.8 33  3.2  0.565  -20.7     8.0    0.9 87         35.0  99 VF
H1-18          357.6+02.6  0.174  21                  8.71 16,21                  8.96 21                  +0.25  7.4 54  0.4  0.336 -212.7    38.5    1.5 88         33.0  99 VF
H1-19          358.9+03.4  0.117  4                   8.47 4                      8.24 4                   -0.23  4.9 33  2.7  0.291  +32.5    43.2    1.4 87         26.0  99 VF
H1-20          358.9+03.2  0.115  4                   8.80 4                      8.47 4                   -0.33  4.1 40  3.5  0.229 +198.6   205.6    4.0 87         43.9  99 VF
H1-23          357.6+01.7  0.141  21                  8.76 16,21                  8.58 21                  -0.18  4.7 33  2.9  0.139  -63.8    42.9    2.5 88         34.8  99 VF
H1-27          005.0+04.4  0.135  4                   8.90 4                      8.72 4                   -0.18  4.7 40  3.0  0.361  +29.4    13.0    0.8 87         18.0  99 VF
H1-29          355.2-02.5  0.107  4                   8.75 4                      8.21 4                   -0.54      --               -9.1           10.0 68               -- (V/IIa)D
H1-30          352.0-04.6  0.147  6                   8.76 6                      8.78 6                   +0.02  5.2 35  2.6  0.417   -6.0    78.2    5.4 67         81.3  99 VF
H1-31          355.1-02.9  0.100  4                   8.77 4                      8.21 4                   -0.56 11.8 54  4.3  0.597  +55.2    76.6    0.7 88         16.0  99 VF
H1-32          355.6-02.7  0.096  4                   8.55 4                      7.68 4                   -0.87  7.7 54  0.6  0.363 -212.2    70.0    1.0 88         37.0  99 VF
H1-33          355.7-03.0  0.123  4                   8.82 4                      8.51 4                   -0.31  8.9 33  1.4  0.466 -112.2    11.7    2.7 87         12.0  99 VF
H1-34          005.5+02.7  0.013: 6                   8.45 6                      8.14 6                   -0.31 10.5 35  3.0  0.495  +23.6    21.8    2.0 82         13.2  97 VF
H1-35          355.7-03.5  0.083  13                  8.27 13                     7.38 13                  -0.89  2.5 33  5.1  0.153 +131.2   143.5    1.1 87         72.0  99 VF
H1-39          356.5-03.9  0.040: 4                   8.67 4                      7.28 4                   -1.39  7.5 33  0.5  0.510  -77.4   208.0    1.7 87         13.0  99 VF
H1-40          359.7-02.6  0.098  4                   8.36 4                      7.90 4                   -0.46  3.5 33  4.1  0.159  +72.7    74.1    1.3 88         31.0  99 VF
H1-41          356.7-04.8  0.123  6                   8.64 6                      7.95 6                   -0.69  6.0 35  1.7  0.502  +81.1   144.4    9.6 67         12.0  99 VF
H1-42          357.2-04.5  0.106  6                   8.69 6                      8.27 6                   -0.42  4.9 35  2.7  0.384  -71.2    44.2    5.8 67         40.0  99 VF
H1-43          357.1-04.7  0.011: 6                   8.84 6                      8.44 6                   -0.40 11.1 35  3.5  0.910  +56.9    75.5    2.0 66          6.0  99 VF
H1-44          358.9-03.7  0.100  21                  8.67 21                     8.46 21                  -0.21  3.2 40  4.4  0.207 +105.5   110.0    3.6 76               -- VD
H1-45          002.0-02.0  0.099  6                   7.52 6                      7.39 6                   -0.13  7.7 35  0.3  0.269  -10.0   292.0    6.0 77         23.5  99 VF
H1-46          358.5-04.2  0.096  6                   8.35 6                      7.93 6                   -0.42  7.3 35  0.4  0.535  -36.1   121.6    1.2 88         43.0  99 VF
H1-47          001.2-03.0  0.008: 4                   8.85 4                      8.52 4                   -0.33 10.0 54  2.4  0.523 +116.4   102.3    2.5 87         10.0  99 VF
H1-50          358.7-05.2  0.102  4                   8.80 4                      8.09 4                   -0.71  4.4 33  3.2  0.399  +78.5    88.1    1.4 87         31.0  99 VF
H1-51          356.7-06.4  0.098  6                   9.51 6                      8.27 6                   -1.24  5.1 40  2.6  0.568 -200.4   165.4   13.2 67               -- VD
H1-54          002.1-04.2  0.081  13                  8.42 13,16                  7.43 13                  -0.99  4.9 33  2.7  0.359 -128.5   148.8    1.2 88         31.0  99 VF
H1-55          001.7-04.4         21                  9.51 21                     8.87 21                  -0.64      --              -26.8            2.5 88          5.3  92 indef.
H1-56          001.7-04.6  0.100  21                  8.72 21                     7.63 21                  -1.09  3.6 40  4.0  0.289 -107.8   116.2    2.5 88          7.8  99 VF
H1-58          005.1-03.0  0.050: 13                  7.92 13                     6.95 13                  -0.97      --              +83.6            6.3 77,72            -- (V/IIb/III/IV)D
H1-59          003.8-04.3  0.100  21                  8.63 16,21                  7.67 21                  -0.96  2.6 40  5.0  0.195  +16.2     4.8    6.0 87          4.2  99 VF
H1-60          004.2-04.3  0.100  21                  8.63 21                          21                         4.0 40  3.6  0.300  +33.7     8.6    3.8 87         11.3  99 VF
H1-63          002.2-06.3  0.059: 6                   8.06 6                      7.48 6                   -0.58 11.0 35  3.4  1.207  -20.7    35.8    7.0 77,72       9.0 101 VF
H1-66          007.0-06.0  0.132  13                  8.48 13                     8.16 13                  -0.32  4.0 40  3.7  0.418  +94.7    54.1    6.6 87          6.0  99 VF
H1-67          009.8-04.6  0.125  6                   8.75 6                      8.50 6                   -0.25  7.1 35  1.4  0.569   +1.9   240.3    5.6 67         11.9  96 VF
H2-1           350.9+04.4  0.038: 23                  7.71 23                     6.71 23                  -1.00  3.4 40  4.3  0.261  -11.2    27.9    5.6 76         61.0  99 VF
H2-10          358.2+03.5  0.089  4                   8.62 4                      7.87 4                   -0.75  7.2 33  0.5  0.440  +53.1   200.4    2.0 87         20.0  99 VF
H2-11          000.7+04.7  0.151  6                   8.29 6                      8.16 6                   -0.13  7.9 35  0.3  0.647  +19.8    76.6    2.7 70         23.2  91 VF
H2-15          003.8+05.3  0.140  21                  8.72 21                          21                         7.5 40  0.5  0.693  -53.0   335.7    3.4 87          2.0  99 VF
H2-18          006.3+04.4  0.126  21                  8.52 16,21                  8.69 21                  +0.17  3.9 40  3.8  0.299 -102.8   138.1    3.0 88         11.0  92 VF
H2-24          004.3+01.8  0.140  21                  7.60 21                          21                         6.3 40  1.4  0.198 -188.2   291.0    4.6 87         13.0  99 VF
H2-25          004.8+02.0  0.081  6                   8.26 6                      7.56 6                   -0.70 11.4 35  3.9  0.398  +26.3     0.8    4.4 67          4.0  99 VF
H2-26          356.1-03.3  0.150  21                  8.43 21                          21                         2.2 40  5.4  0.127 -149.0   139.4    4.6 76               -- VD
H2-37          002.3-03.4  0.110  21                  8.62 21                     8.18 21                  -0.44  2.0 40  5.6  0.119 -147.7   152.8    4.8 76               -- VD
H2-46          000.8-07.6  0.117  13                  8.39 13                     7.97 13                  -0.42      --              +56.2           25.0 68               -- VE/IIaD
H2-48          011.3-09.4  0.048: 6                   7.93 6                      7.12 6                   -0.81  5.5 35  2.5  0.898   +4.6   116.6    2.0 67         66.0  99 IIbC/(III/IV)B
H3-75          193.6-09.5  0.071  3                   8.52 3                      7.76 3                   -0.76  2.4 34  9.9  0.396  +10.7     4.7   24.0 75         24.0  91 IIbF
H4-1           049.3+88.1  0.119  1                   7.85 1                      7.91 1                   +0.06 17.8 33  7.2 17.790 -134.5   135.6    3.0 87          1.3  99 IVF
Hb4            003.1+02.9  0.107  8,13,23             8.78 8,13,16,23             8.34 8,13,23             -0.44  2.2 40  5.4  0.111  -50.1    57.7    7.0 61        170.0  99 VA
Hb5            359.3-00.9  0.130  24                  8.82 24                     9.06 24                  +0.24  2.0 51  5.6  0.031  -15.2    13.6   13.0 88        548.0  99 VA
Hb6            007.2+01.8  0.106  23                  8.65 16,23                  8.43 23                  -0.23  1.9 40  5.7  0.060  +20.8     5.9    6.0 87        243.0  99 VA
Hb8            003.8-17.1  0.190  21                  8.43 21                     7.71 21                  -0.72  5.3 40  2.6  1.558 +188.0   149.5    0.8 88          8.0  99 IIaE
Hb12           111.8-02.8  0.097  7,15,21             8.19 7,15,16,21             7.44 7,15,21             -0.75  2.2 33  8.7  0.107   +1.6     2.0    0.7 62         45.0  99 IIbF
He2-5          264.4-12.7  0.092  21,23               8.32 16,21,23               7.51 21,23               -0.81  5.4 40  9.7  1.187 +120.1    99.2    3.0 87         29.0  99 IIIF
He2-7          264.1-08.1  0.085  21                  8.46 16,21                  7.98 21                  -0.48  3.2 40  8.5  0.451  +75.4    78.2   13.0 87         47.0  99 IIaC
He2-9          258.1-00.3         16                  8.28 16                          16                         1.8 33  8.2  0.009  +40.4    52.7    4.4 87        194.8  99 indef.
He2-15         261.6+03.0  0.176  1                   8.56 1                      8.67 1                   +0.11  2.1 40  8.2  0.110   +4.5    16.7   20.0 87        105.0  99 IF
He2-21         275.3-04.7  0.116  1                   8.55 1                      7.59 1                   -0.96  7.2 40 10.0  0.590 +120.7    94.2    2.4 87         16.0  99 IIbC/IIIB
He2-28         275.2-02.9  0.015: 12                  8.95 12                          12                         4.7 40  8.6  0.238                  10.0 87         20.0  99 (IIa/IIb)D*
He2-29         275.8-02.9  0.108  12,23               8.62 12,23                  8.18 12,23               -0.43  4.0 40  8.2  0.202  +14.7    25.6   14.0 87         24.0  99 IIaF
He2-37         274.6+03.5  0.114  12,17,23            8.97 12,17,16,23            8.42 12,17,23            -0.55  2.3 40  7.8  0.140   +2.1    26.7   23.0 87         22.6  99 IIaF
He2-47         285.6-02.7  0.057: 13,23,22            8.82 13,23,22               8.11 13,23,22            -0.71  2.0 40  7.3  0.094  -26.1    12.4    3.0 76        170.0  91 IIbF
He2-48         282.9+03.8  0.098  12,17,23            8.56 12,17,16,23            8.04 12,17,23            -0.52  5.1 40  8.1  0.338                  14.0 76               -- IIaD
He2-51         288.8-05.2  0.121  12,23,22            8.62 12,16,23,22            8.30 12,23,22            -0.32  3.0 40  7.2  0.272   +0.0    41.5    9.0 87         57.0  99 IIaF
He2-55         286.3+02.8  0.120  12,17               8.66 12,17,16               7.95 12,17               -0.71  2.6 40  7.3  0.127  -28.7    10.0   18.0 76               -- IIbF
He2-57         289.6-01.6  0.105  12                  8.60 12                     8.00 12                  -0.60  2.2 40  7.2  0.061                  20.0 76               -- IIaD
He2-67         292.8+01.1  0.120  22                  8.91 22                     8.04 22                  -0.87  4.3 40  7.1  0.083  +53.0    96.4    5.0 76         41.0  91 IIbC/IIIB
He2-71         296.4-06.9  0.041: 13                  8.31 13                     7.33 13                  -0.98  7.8 40  8.1  0.937  +51.4    64.6    3.0 76         35.1  91 IIbC/IIIB
He2-76         298.2-01.7  0.069  12                  8.39 12                     7.76 12                  -0.63  1.6 40  7.0  0.047                  17.8 76               -- IIbD
He2-77         298.1-00.7  0.116  12                  8.58 12                     7.28 12                  -1.30  0.6 40  7.3  0.007                  25.0 76       2626.1  91 IIbD
He2-86         300.7-02.0  0.098  13                  8.81 13,16                  8.52 13                  -0.29  2.6 40  6.7  0.091  -12.6    45.3    3.6 87        125.0  99 IIaF
He2-97         307.2-09.0  0.091  12,23               8.56 12,23                  7.89 12,23               -0.67  4.9 40  6.1  0.767  +47.4   124.9    5.0 76         30.0  91 IIbC/(III/IV)B
He2-99         309.0-04.2  0.098  12                  8.79 12,16                  7.85 12                  -0.94  4.2 40  5.9  0.308   -2.1    79.8   17.0 87         18.0  99 IIbC/IIIB
He2-105        308.6-12.2  0.097  12                  8.21 12                     7.25 12                  -0.96  3.6 40  6.1  0.761                  35.0 87         14.0  99 IIbD
He2-108        316.1+08.4         16                  8.22 16                          16                         6.0 43  5.3  0.876  -11.4    91.5   11.0 87         32.0  99 indef.
He2-111        315.0-00.3  0.185  24                  8.43 24                     8.48 24                  +0.05  2.8 40  6.0  0.015  -11.8    62.0   12.0 87         73.0  99 IC
He2-112        319.2+06.8  0.127  13,12,23            8.64 13,12,16,23            8.44 13,12,23            -0.20  2.5 40  5.9  0.296                  14.6 87         82.0  99 ID
He2-115        321.3+02.8  0.105  13,17               8.65 13,17,16               7.92 13,17               -0.74  1.9 33  6.2  0.093  -55.8     0.4    3.0 87        156.0  99 IIbF
He2-117        320.9+02.0  0.148  1                   8.11 1                      7.90 1                   -0.21  1.7 40  6.4  0.059  +44.9    96.2    5.0 87        267.0  99 IC
He2-118        327.5+13.3  0.084  13,23               8.88 13,23                  7.96 13,23               -0.91  8.4 40  4.4  1.932 -131.2    11.5    3.0 76         10.0  94 IVC/IIbB
He2-119        317.1-05.7  0.121  12,22               8.80 12,16,22               8.53 12,22               -0.27  1.7 40  6.5  0.169  -12.5    39.5   50.0 87         94.0  99 IIaF
He2-123        323.9+02.4  0.134  13,17               8.72 13,17,16               8.64 13,17               -0.07  2.9 40  5.5  0.121  -11.0    66.8    4.6 87        110.0  99 IC
He2-131        315.1-13.0         16                  8.67 16,21                  8.25 21                  -0.42  2.8 42  6.0  0.630   -3.9    66.7    6.0 87        325.0  99 indef.
He2-137        329.0+01.9  0.170: 22                  8.30 22                     6.81 22                  -1.49  1.6 51  6.3  0.053  -29.3    15.0   72.0 87         75.0  99 IIaF
He2-138        320.1-09.6         17                  8.74 17,16                  8.30 17                  -0.45  3.5 43  5.4  0.584  -58.1    30.3    7.0 87         76.0  99 indef.
He2-140        327.1-01.8  0.070  13,17               8.69 13,17,16               8.24 13,17               -0.45  2.9 40  5.4  0.091  -68.8     8.0    2.6 87         80.0  99 IIaF
He2-141        325.4-04.0  0.128  1                   8.87 1                      8.34 1                   -0.53  2.8 40  5.5  0.195  -45.3    29.4   13.8 87         51.0  99 IIaF
He2-143        327.8-01.6  0.160  1                   8.57 1                      8.36 1                   -0.21  2.7 40  5.5  0.075  -33.4    37.9    5.2 87        120.0  99 IF
He2-149        329.4-02.7  0.123  13                  8.27 13                     7.30 13                  -0.97 12.8 33  7.3  0.603 -111.1    91.2    3.0 87         10.0  99 IIbC/IIIB
He2-152        333.4+01.1  0.269: 23                  8.12 23                     8.72 23                  +0.60  2.0 40  5.9  0.038  -60.7    11.9   11.0 87        196.0  99 IF
He2-153        330.6-02.1  0.136  13,23               8.20 13,16,23               8.28 13,23               +0.07  1.2 40  6.6  0.044  -38.0     3.1   13.0 87          1.1  99 IF
He2-157        331.0-02.7  0.097  13,17               8.89 13,17,16               8.12 13,17               -0.78  5.4 40  3.9  0.254  -67.7    78.4    3.0 87         30.0  99 IIbC/IIIB
He2-158        327.8-06.1  0.109  13,17               8.77 13,17,16               7.96 13,17               -0.81 10.0 40  5.4  1.063  -37.9    38.7    2.0 87          2.7  99 IIIC/IIbB
He2-164        332.0-03.3         16                  8.68 16                          16                         2.3 40  5.7  0.132  -70.6    13.3   16.0 87         97.0  99 indef.
He2-170        332.3-04.2  0.097  13,23               8.73 13,23                  7.92 13,23               -0.81  7.1 40  3.6  0.520  +63.0   229.0    3.0 76         15.0  91 IIbC/(III/IV)B
He2-175        345.6+06.7  0.129  13                  9.01 13                     8.61 13                  -0.40  6.4 40  2.1  0.747  -27.0   168.2    6.6 87         26.8  99 IIaC
He2-250        000.7+03.2  0.123  4                   9.00 4                      8.61 4                   -0.39  2.7 40  4.9  0.151 -165.6   167.8    5.0 88         15.0  99 VF
He2-260        008.2+06.8  0.009: 6                   8.18 6                      7.14 6                   -1.04 11.7 35  4.2  1.385  +32.8     3.2   10.0 78         13.0  99 IIIC/IIbB
He2-262        001.2+02.1  0.118  6                   8.48 6                      7.82 6                   -0.66  6.7 35  0.9  0.246 -163.0   210.5    4.0 67         26.0  99 VF
He2-406        008.6-07.0  0.126  13                  9.04 13                     8.61 13                  -0.43      --              +37.9            3.0 63               -- (IIa/V)D
He2-434        320.3-28.8  0.116  12                  8.65 12                     7.84 12                  -0.81      --              +35.0           10.0 68         20.4  91 (IIb/III/IV)D
He3-1357       331.3-12.1  0.093  23                  8.45 23                     7.71 23                  -0.74      --              +14.3                --               -- (IIb/III/IV)D
Hf2-2          005.1-08.9  0.180  21                  8.04 21                     7.36 21                  -0.68  4.5 40  3.2  0.696  +63.8    26.0   18.6 76               -- VD
Hu1-1          119.6-06.7  0.094  21,23               8.68 16,21,23               7.97 21,23               -0.71  6.7 33 12.3  0.782  -49.3     1.8   10.0 87         26.0  99 IIbF
Hu1-2          086.5-08.8  0.127  24                  8.20 24                     8.28 24                  +0.08  2.2 40  7.8  0.337  +20.4     3.6    5.0 88        155.0  99 IB
Hu2-1          051.4+09.6  0.097  7,15,21,23          8.45 7,15,16,21,23          7.62 7,15,21,23          -0.82  2.5 33  6.4  0.417  +29.0    34.2    1.8 74        110.0  99 IIbF
Hu4                        0.126  21                  8.68 21                     8.44 21                  -0.24      --                                   --               -- (V/I)D
Hu5                        0.145  21                  8.82 21                     9.05 21                  +0.23      --                                   --               -- (V/I)D
Hu6                        0.110  21                  8.71 21                     8.65 21                  -0.06      --                                   --               -- (V/IIa)D
IC351          159.0-15.1  0.102  7,21                8.53 7,16,21                7.82 7,21                -0.71  3.0 40 10.4  0.782  -15.0     3.6    7.0 61         27.0  99 IIbF
IC418          215.2-24.2  0.079  7,9,21,23           8.54 24                     7.98 24                  -0.56  1.6 43  8.8  0.656  +46.9    44.5   12.4 87       1550.0  99 IIaF
IC972          326.7+42.2  0.170  22                  8.85 21,22                  8.23 21,22               -0.61  2.5 33  6.1  1.679  -21.5    16.7   47.0 87          6.8  99 IIaB
IC1297         358.3-21.6  0.118  13,17,21,23         8.84 13,17,16,21,23         8.43 13,17,21,23         -0.41  3.0 40  4.8  1.104  +16.2    21.5    7.0 87         68.9  99 IIaB
IC1454         117.5+18.9  0.063  21                  8.77 21                     8.33 21                  -0.44  3.3 40  9.5  1.069                  34.0 87          1.3  99 IIaE
IC1747         130.2+01.3  0.105  7,21                8.75 7,16,21                8.30 7,21                -0.45  0.9 40  8.2  0.020  -63.8    72.4   12.8 87        124.0  99 IIaC
IC2003         161.2-14.8  0.106  2,3                 8.71 2,3                    7.81 2,3                 -0.91  2.4 40  9.8  0.613  -21.8    14.2    9.0 61         30.0  99 IIbF
IC2149         166.1+10.4  0.097  21,23               8.48 7,16,21,23             8.09 7,21,23             -0.39  3.4 38 10.9  0.614  -35.6    26.1    9.3 87        280.0  99 IIaF
IC2165         221.3-12.3  0.096  2,3,24              8.44 2,3,24                 7.75 2,3,24              -0.69  1.9 40  9.1  0.405  +38.9    32.5    4.0 88        188.0  99 IIbF
IC2448         285.7-14.9  0.102  12,17,21,18         8.59 12,17,16,21,18         8.02 12,17,21,18         -0.57  1.4 44  7.4  0.360  -33.4     2.8    9.3 87         73.0  99 IIaF
IC2501         281.0-05.6  0.108  7,21,18             8.80 7,17,16,21,18          8.22 7,17,21,18          -0.58  1.3 33  7.5  0.127  +21.9    56.0    9.0 87        267.5  99 IIaF
IC2553         285.4-05.3  0.105  21                  8.80 21                     8.28 21                  -0.52  2.8 40  7.4  0.259  +28.6    65.3    8.8 87         92.0  99 IIaC
IC2621         291.6-04.8  0.110  12,17,21            8.79 12,17,16,21            8.78 17,21               -0.02  2.1 40  7.1  0.176   +4.0    48.8    5.0 87        195.0  99 IIaF
IC3568         123.6+34.5  0.102  7,9,21,18           8.59 7,9,16,21,18           7.57 7,9,21,18           -1.03  3.3 43  9.4  1.869  -34.3    23.1   12.0 87         95.0  99 IVC/IIbB
IC4191         304.5-04.8  0.123  24                  8.89 24                     8.17 24                  -0.72  2.0 40  6.7  0.167  -22.8    31.9   14.0 87        172.0  99 IIbF
IC4406         319.6+15.7  0.116  1                   9.07 1                      8.23 1                   -0.84  1.7 40  6.4  0.460  -40.0     8.6   34.5 87        110.0  99 IIbF
IC4593         025.3+40.8  0.108  1                   8.04 1                      7.11 1                   -0.93  3.2 43  5.5  2.091  +35.6     7.7   12.8 87         92.0  99 IVC/IIbB
IC4634         000.3+12.2  0.091  8,21,23             8.59 7,8,16,21,23           7.42 7,8,21,23           -1.17  2.5 40  5.2  0.528  -26.2    27.0    5.5 61        100.0  99 IIbF
IC4642         334.3-09.3  0.122  12                  8.33 12                          12                         2.7 40  5.3  0.436  +46.2   109.2   15.4 87         60.0  99 (IIa/IIb)C*/(III/IV)B*
IC4673         003.5-02.4  0.145  12,21               8.64 12,16,21               8.19 12,21               -0.45  3.4 40  4.2  0.142   -5.9    21.6   17.0 87         62.0  99 VF
IC4732         010.7-06.4  0.095  21,23               8.38 16,21,23               7.59 21,23               -0.79  3.4 40  4.3  0.379 -135.7   180.6    4.0 88         49.0  99 IIbC/(III/IV)B
IC4776         002.0-13.4  0.098  17,21               8.79 7,17,16,21             7.99 7,17,21             -0.80  3.3 40  4.4  0.765  +24.0    16.0    8.0 88         71.0  99 IIbF
IC4846         027.6-09.6  0.096  21,23               8.58 16,21,23               7.67 21,23               -0.90  3.3 33  5.0  0.550 +162.9    81.5    2.9 61         43.0  99 IIbC/IIIB
IC4997         058.3-10.9  0.117  21,18               8.04 16,21                       16                         2.6 33  6.6  0.492  -53.5   111.2    2.0 88        127.0  99 (IIa/IIb)C*/(III/IV)B*
IC5117         089.8-05.1  0.102  7,21,23             8.56 7,16,21,23             7.94 7,21,23             -0.62  1.3 33  7.7  0.116  -15.6    42.1    1.5 62        210.0  99 IIbF
IC5148-50      002.7-52.4  0.139  12                  8.03 12                     7.74 12                  -0.29  1.1 33  6.9  0.872  -25.2    26.8  120.0 87         28.1  99 IB
IC5217         100.6-05.4  0.099  7,11,14,21,23       8.62 7,11,14,16,21,23       8.11 7,11,14,21,23       -0.51  2.8 40  8.6  0.264  -90.0    91.9    6.0 88        163.0  99 IIaC
IRAS15154-5258 324.0+03.5  0.400  21                  9.05 21                          21                             --                                   --               -- (V/I/IIa)D*
IRAS16455-3455 348.0+06.3  0.112  21                  8.63 21                          21                             --                                   --               -- (V/IIa/IIb/III/IV)D*
J320           190.3-17.7  0.122  2,3                 8.38 2,3                    7.01 2,3                 -1.36  4.1 40 11.5  1.247  -35.5    43.5    7.1 61         23.0  99 IIIC/IIbB
J900           194.2+02.5  0.100  2,3                 8.66 2,3                    7.74 2,3                 -0.93  2.1 40  9.6  0.092  +36.0    30.8    6.0 61        100.0  99 IIbF
Jn1            104.2-29.6         21                       21                          21                  -0.17  0.8 47  7.8  0.395  -62.6    82.4  332.0 87          9.8  99 indef.
K1-7           197.2-14.2  0.124  2,3                 8.57 2,3                    7.88 2,3                 -0.69  3.0 40 10.4  0.736  +44.6    34.9   34.0 87          2.0  99 IIbF
K2-1           173.7-05.8  0.122  3                   9.19 3                      8.26 3                   -0.93  1.1 34  8.7  0.111  +10.9    11.0  132.0 67         20.8  91 IIbF
K3-60          098.2+04.9  0.129  21                  8.63 21                     8.28 21                  -0.35  3.9 33  9.0  0.333                   1.9 61         43.0  99 IIaD
K3-61          096.3+02.3  0.115  21                  8.69 16,21                  9.07 21                  +0.38  1.1 40  7.8  0.044                   6.0 87         14.0  99 IIaD
K3-66          167.4-09.1  0.091  2,3                 8.06 2,3                    7.83 2,3                 -0.23  6.7 33 14.1  1.060  -74.8    60.5    2.1 61         18.0  99 IIaE
K3-67          165.5-06.5  0.100  12,21,23            8.21 12,16,21,23            7.92 12,21,23            -0.28  3.4 33 10.9  0.385  -83.6    73.6    2.2 61         42.0  99 IIaC
K3-68          178.3-02.5  0.098  21                  8.11 21                     7.56 21                  -0.55  6.0 33 13.6  0.262  +56.1    58.0   12.0 88          5.0  91 IIaF
K3-70          184.6+00.6  0.161  3                   8.32 3                      8.36 3                   +0.04 12.1 33 19.7  0.127  +17.1    11.3    1.8 73          6.0  91 IF
K5-1                       0.108  5                   7.88 5                      7.45 5                   -0.43      --                                   --               -- (V/IIa)D
K5-3           002.6+05.5  0.123  5                   8.35 5                      7.48 5                   -0.87      --             +154.9                --               -- (V/IIb/III/IV)D
K5-4           351.9-01.9  0.109  5                   8.65 5                      7.93 5                   -0.72      --             -145.1                --               -- (V/IIb/III/IV)D
K5-5           001.5+03.6  0.030: 5                   7.72 5                      7.16 5                   -0.56      --                                   --               -- (V/IIa)D
K5-6           003.6+04.9  0.114  5                   8.55 5                      7.81 5                   -0.74      --              -75.4                --               -- (V/IIb/III/IV)D
K5-7           003.1+04.1  0.160  5                   8.33 5                      7.72 5                   -0.61      --                                   --               -- (IIa/V)D
K5-9                       0.157  5                   8.48 5                      7.75 5                   -0.73      --                                   --               -- (V/IIa)D
K5-11          002.3+02.2  0.191  5                   8.87 5                      8.26 5                   -0.61      --                                   --               -- (V/IIa)D
K5-12                      0.106  5                   8.91 5                      8.28 5                   -0.63      --                                   --               -- (V/IIb/III/IV)D
K5-13          002.6+02.1  0.140  5                   8.80 5                      8.50 5                   -0.30      --             +246.8                --               -- (I/V)D
K5-14          003.9+02.6  0.116  5                   8.50 5                      7.95 5                   -0.55      --                                   --               -- (V/IIa)D
K5-16          002.8+01.8  0.141  5                   8.97 5                      8.47 5                   -0.50      --              -22.9           10.0 63               -- (IIa/V)D
K5-17                      0.076  5                   8.20 5                      7.61 5                   -0.59      --                                   --               -- (V/IIa)D
K5-19          005.1+02.0  0.153  5                   8.11 5                      7.76 5                   -0.35      --              -69.5                --               -- (IIa/V)D
K5-20          356.8-03.0  0.128  5                   8.39 5                      6.75 5                   -1.64      --                                   --               -- (IIa/V)D
K6-3           353.8-01.2  0.128  6                   8.33 6                      7.98 6                   -0.35      35                                   --               -- (IIa/V)D
K6-5           354.6-01.7  0.159  6                   8.57 6                      9.12 6                   +0.55      35                                   --               -- (I/V)D
K648           065.0-27.3  0.096  10,15               7.73 10,15                  6.60 10,15               -1.13 13.5 41 11.2  6.192 -131.1    96.1    3.0 88         14.4  99 IVF
KFL 2          002.2-02.5  0.113  6                   8.24 6                           6                         11.1 35  3.5  0.484  -71.2    85.2    5.4 72          2.2  96 VF
KFL 4          003.0-02.6  0.099  6                   8.34 6                           6                         17.7 35 10.1  0.803  +26.3    27.8    3.0 72          1.1 100 VF
KFL 19         003.3-07.5  0.080  6                   8.65 6                      7.38 6                   -1.27 11.4 35  3.7  1.488  +55.8    37.2    7.8 72          0.8 101 IIIC/IIbB
Lo4            274.3+09.1  0.134  12                  8.89 12                     8.60 12                  -0.29      --              +23.8           48.0 68               -- ID
M1-1           130.3-11.7  0.116  7,21                8.29 7,16,21                7.75 7,21                -0.54  7.9 33 13.9  1.602  -36.7    12.0    5.0 87          8.0  99 IIaB
M1-4           147.4-02.3  0.094  21                  8.46 16,21                  7.88 21                  -0.58  2.3 31  9.6  0.092  -34.9    23.8    6.0 61         90.0  99 IIaF
M1-5           184.0-02.1  0.105  17,21               8.43 17,16,21               7.72 17,21               -0.71  2.9 33 10.5  0.106  +27.0    24.6    2.3 61         71.0  99 IIbF
M1-6           211.2-03.5  0.081  3                   8.34 3                      7.45 3                   -0.89  2.7 33 10.0  0.165  +51.9    37.7    2.9 87         86.0  99 IIbF
M1-7           189.8+07.7  0.137  3                   8.80 3                      8.23 3                   -0.57  5.7 40 13.2  0.764   -7.7    18.0   11.0 87         13.0  99 IIaF
M1-8           210.3+01.9  0.162  2,3                 8.70 2,3                    8.44 2,3                 -0.26  3.5 40 10.8  0.116  +38.9    19.4   18.4 87         23.0  99 IF
M1-9           212.0+04.3  0.079  2,3                 8.30 2,3                    7.41 2,3                 -0.90  4.9 33 12.0  0.367 +105.0    77.3    2.5 88         27.0  99 IIbC/IIIB
M1-11          232.8-04.7  0.094: 2                   7.88 2                      8.65 2                   +0.77  2.1 33  9.0  0.172   +1.7     5.3    2.2 61        113.0  99 IIaF
M1-12          235.3-03.9  0.026: 13                  8.44 13                     7.70 13                  -0.74  3.8 33 10.2  0.258  +81.3    55.7    1.8 61         41.0  99 IIbF
M1-13          232.4-01.8  0.145  2,3                 9.11 2,3                    8.53 2,3                 -0.58  4.5 40 10.9  0.141  +31.1     1.2   10.0 88         15.0  99 IIaF
M1-14          234.9-01.4  0.095  1,2,3               8.32 1,2,3                  7.38 1,2,3               -0.94  4.0 33 10.4  0.098  +63.1    35.4    4.7 61         60.0  99 IIbF
M1-16          226.7+05.6  0.141  2,3                 8.77 2,3                    8.57 2,3                 -0.19  5.5 40 12.0  0.537  +52.1    14.1    4.0 64         31.0  99 IB
M1-17          228.8+05.3  0.110  2,3                 8.82 2,3                    8.18 2,3                 -0.64  5.8 40 12.2  0.536  +35.7     4.7    2.5 61         17.0  99 IIbF
M1-18          231.4+04.3  0.153  3                   8.62 3                      8.34 3                   -0.28  4.4 34 10.9  0.330   +4.3    27.0   30.0 67          1.4  99 IB
M1-19          351.1+04.8  0.107  4                   8.73 4                      8.19 4                   -0.54  5.5 33  2.3  0.460  -47.5    59.7    4.0 88         20.0  99 VF
M1-20          006.1+08.3  0.118  1                   8.30 1                      7.39 1                   -0.91  3.4 33  4.3  0.491  +70.8    44.5    1.9 61         51.0  99 VF
M1-22          007.5+07.4  0.178  13                  8.34 13                     8.24 13                  -0.10  4.4 40  3.3  0.567   +9.6    42.5    6.0 87          7.8  96 VF
M1-25          004.9+04.9  0.132  13,17,21            8.90 13,17,16,21            8.29 13,17,21            -0.62  3.6 40  4.0  0.308  +24.5     0.6    3.2 61         57.0  99 VF
M1-26          358.9-00.7  0.040: 23                  8.19 16,21,23               7.52 21,23               -0.67  1.6 43  6.0  0.020   +1.5     3.5    3.2 61        400.0  99 VA
M1-27          356.5-02.3  0.008: 4                   8.86 4                      8.22 4                   -0.64  4.1 33  3.5  0.165  -39.6    17.4    8.0 87         63.0  99 VF
M1-29          359.1-01.7  0.140  21                  8.72 21                     8.22 21                  -0.50  3.1 33  4.5  0.092  -32.4    28.9    7.0 87         97.0  99 VF
M1-30          355.9-04.2  0.113  13,21               9.14 13,21                  8.62 13,21               -0.52  5.9 54  1.8  0.432 -112.4    40.2    3.5 88         31.0  99 VF
M1-31          006.4+02.0  0.161  6                   8.98 6                      9.02 6                   +0.04  4.5 35  3.2  0.157  +79.2    30.7    7.0 88         60.5  96 VF
M1-34          357.9-05.1  0.134  13,17               8.96 13,17,16               8.65 13,17               -0.31  3.5 40  4.1  0.311  +18.5    28.3   11.2 87         14.7  99 VF
M1-35          003.9-02.3  0.156  21,23               8.43 16,21,23               8.52 21,23               +0.09  4.0 33  3.6  0.161  +77.4    53.9    4.4 87         60.5  96 VF
M1-37          002.6-03.4  0.010: 4                   8.83 4                      8.56 4                   -0.27  8.4 54  0.9  0.498 +229.6   119.7    2.5 88         15.0  99 VF
M1-38          002.4-03.7  0.010: 21                  8.75 17,16,21               8.07 17,21               -0.67  6.6 54  1.1  0.426  -73.8   154.3    3.5 88         24.0  99 VF
M1-40          008.3-01.1  0.110  13                  9.08 13,16                  8.85 13                  -0.23  1.9 40  5.7  0.036  -24.0    41.1    4.3 87        208.0  99 VA
M1-42          002.7-04.8  0.156  4,24                8.85 4,24                   8.70 4,24                -0.14  4.3 40  3.3  0.360  -77.5    96.4    9.0 87         28.5  96 VF
M1-44          004.9-04.9  0.050: 21                  8.20 21                     8.10 21                  -0.10 10.2 33  2.7  0.871  -98.3   147.1    4.0 87          9.0  99 VF
M1-48          013.4-03.9  0.143  6                   8.84 6                      8.65 6                   -0.19  9.5 35  2.7  0.646 +139.6    11.5    4.8 67          6.0  99 IB
M1-50          014.6-04.3  0.105  13,14,17,23         8.74 13,14,17,16,23         7.86 13,14,17,23         -0.88  3.9 40  4.0  0.292  +22.5    50.8    5.6 87         50.0  99 IIbF
M1-51          020.9-01.1  0.126  13                  8.44 13,16                  8.21 13                  -0.23  1.2 40  6.5  0.023   +5.5    21.4   15.0 87        319.0  99 IF
M1-54          016.0-04.3  0.136  13,14,17,23         8.85 13,14,17,16,23         8.75 13,14,17,23         -0.10  3.2 40  4.6  0.240  -36.2    94.1   13.0 87         38.0  99 IC
M1-56          016.1-04.7  0.100  13,23               8.71 13,23                  8.12 13,23               -0.59  5.6 33  2.7  0.459   +7.4   146.5    1.4 87         22.0  99 IIaC
M1-57          022.1-02.4  0.105  13,14,17,23         8.86 13,14,17,16,23         8.60 13,14,17,23         -0.26  3.1 40  4.9  0.130  +92.1    22.3    8.0 87         66.6  96 IIaF
M1-58          022.0-03.1  0.130  23                  8.63 23                     8.11 23                  -0.52  3.4 40  4.6  0.184  +69.3     9.0    6.4 87         60.0  99 IIaF
M1-60          019.7-04.5  0.105  13                  8.84 13                     8.58 13                  -0.26  3.7 33  4.3  0.290 +104.8    22.4    2.5 61         48.0  99 IIaF
M1-61          019.4-05.3  0.102  13,23               8.54 13,23                  7.97 13,23               -0.56  2.4 33  5.4  0.222  +41.4     5.3    1.8 62         97.0  99 IIaF
M1-67          050.1+03.3  0.060  21                  8.48 21                     8.08 21                  -0.40  1.0 40  7.0  0.058                 120.4 87        250.0  99 IIaD
M1-72          054.4-02.5  0.060  13                  7.93 13                     7.16 13                  -0.77  4.3 33  6.2  0.188                   0.7 62         30.0  99 IIbD
M1-74          052.2-04.0  0.106  7,13,14,21,23       8.75 7,13,14,16,21,23       8.26 7,13,14,21,23       -0.48  4.1 33  6.0  0.286  +46.2    32.6    1.0 87         29.0  99 IIaF
M1-75          068.8+00.0  0.164  21,23               8.68 16,21,23               8.86 21,23               +0.17  3.9 33  7.2  0.000  -11.8    54.1   14.0 87         26.2  99 IF
M1-78          093.5+01.4  0.095  21                  8.07 16,21                  7.74 21                  -0.33  3.1 40  8.4  0.076  -77.5    84.1    6.4 87       1103.9  99 IIaC
M1-79          093.3-02.4  0.180  21                  8.62 21                     8.28 21                  -0.34  2.0 52  8.0  0.084  -13.8    32.1   30.0 87         19.0  99 IIaF
M1-80          107.7-02.2  0.095  14,21,23            8.71 14,16,21,23            8.38 14,21,23            -0.32  5.5 33 10.6  0.211  -50.7    15.5    8.0 87         25.0  99 IIaF
M2-2           147.8+04.1  0.100  21                  8.43 16,21                  7.95 21                  -0.48  1.4 40  8.8  0.100   -8.3     6.1    7.0 87         54.0  99 IIaF
M2-4           349.8+04.4  0.128  1                   8.30 1                      7.65 1                   -0.65  6.8 54  1.5  0.522 -199.9    19.8    2.0 88         32.0  99 IIaF
M2-6           353.3+06.3  0.087  13,21,23            8.47 13,16,21,23            7.59 13,21,23            -0.88      --             -119.1            1.6 88         17.0  92 (V/IIb/III/IV)D
M2-7           353.7+06.3  0.137  6                   8.74 6                      7.91 6                   -0.83  7.3 35  0.9  0.801  -51.9   205.6    7.8 67          7.0  99 VF
M2-8           352.1+05.1  0.223  6                   8.54 6                      8.50 6                   -0.04  7.2 35  1.1  0.640  +33.0   283.6    4.2 67         18.0  99 VF
M2-9           010.8+18.0  0.072  13,21               8.43 13,16,21               7.64 13,21               -0.79  3.3 40  4.6  1.020  +99.7    61.0   46.0 87         36.0  99 IIIF
M2-10          354.2+04.3  0.106  13,17,21            8.88 13,17,16,21            8.45 13,17,21            -0.42  3.9 40  3.8  0.292  -77.3    44.7    2.2 87          9.1  99 VF
M2-11          356.9+04.5  0.119  13,23               8.73 13,23                  7.82 13,23               -0.92  7.3 54  0.5  0.573  +92.5   323.9    2.7 87         22.0  99 VF
M2-12          359.8+05.6  0.010: 6                   8.56 6                      7.96 6                   -0.60  8.2 35  0.6  0.800  +72.9    86.5    5.0 78         12.9  95 VF
M2-13          011.1+11.5  0.117  6                   8.72 6                      8.22 6                   -0.50  7.6 33  1.5  1.515  +71.0   174.6    1.5 61         13.0  99 IIaE
M2-15          011.0+06.2  0.128  6                   8.61 6                      8.30 6                   -0.31  6.7 35  1.7  0.724   -4.4   215.6    5.8 67         12.5  99 IIaC
M2-16          357.4-03.2  0.123  4                   8.91 4                      8.81 4                   -0.10  1.8 40  5.8  0.100  +98.1   103.3    5.4 87         24.8  99 VF
M2-18          357.4-03.5  0.100  4                   8.54 4                      7.48 4                   -1.06  6.5 33  1.2  0.397  -13.0    65.4    1.5 87         17.0  99 VF
M2-19          000.2-01.9  0.096  4                   8.61 4                      7.89 4                   -0.72  8.2 33  0.6  0.272  -52.4    65.2    5.0 87         22.6  96 VF
M2-20          000.4-01.9  0.081  6                   8.78 6                      8.07 6                   -0.71  6.1 35  1.5  0.202  +67.6    58.8    6.6 77,72       7.4  96 VF
M2-21          000.7-02.7  0.120  21                  8.49 21                     7.95 21                  -0.54  6.1 33  1.5  0.287 -155.7   171.0    3.0 87         23.0  99 VF
M2-22          357.4-04.6  0.140  21                  8.53 21                     8.49 21                  -0.04  2.2 40  5.4  0.176  -95.3    88.9    5.0 87          6.5  99 VF
M2-23          002.2-02.7  0.096  13,21,23            8.42 13,16,21,23            8.05 13,21,23            -0.38  3.9 33  3.7  0.184 +195.8   183.1    0.7 88         41.0  99 VF
M2-24          356.9-05.8  0.130  21                  7.83 21                     7.66 21                  -0.17  7.2 40  0.6  0.728 +153.2   352.2    8.0 87          3.0  99 VF
M2-26          003.6-02.3  0.161  6                   8.49 6                      8.77 6                   +0.28  8.2 35  0.8  0.329  -43.5   216.2    9.2 77,67       5.0  99 VF
M2-27          359.9-04.5  0.132  21,18               8.89 21                     8.63 21                  -0.26  5.0 33  2.6  0.392 +153.3   154.3    2.5 88         50.0  99 VF
M2-29          004.0-03.0  0.105  10,13,21            7.58 10,13,21               6.76 10,13,21            -0.82  8.6 33  1.1  0.450 -102.8   225.8    3.5 87          8.0  99 VF
M2-30          003.7-04.6  0.114  13,21               8.73 13,21                  7.87 13,21               -0.86  8.8 33  1.3  0.706 +164.1    65.9    3.5 87         14.0  99 VF
M2-33          002.0-06.2  0.093  21                  8.62 21                     7.60 21                  -1.02  4.9 40  2.7  0.529 -117.3   136.4    4.0 88         12.0  99 VF
M2-36          003.2-06.2  0.137  24                  9.11 24                     8.74 24                  -0.37  4.0 40  3.6  0.432  +81.9    62.9    7.0 87         13.0  99 VF
M2-38          005.7-05.3  0.152  6                   8.58 6                      8.57 6                   -0.01  7.5 35  0.8  0.693  -67.8   345.0    9.3 77,72,67    8.0  99 VF
M2-39          008.1-04.7  0.107  6                   7.48 6                      6.94 6                   -0.54 10.1 35  2.8  0.828  +82.6     6.0    3.2 67          8.0  99 VF
M2-42          008.2-04.8  0.099  13,23               8.43 13,23                  8.16 13,23               -0.27  2.3 40  5.3  0.192 +131.1   110.4    4.0 87         14.0  99 VF
M2-46          024.8-02.7  0.074  13                  8.41 13                     8.36 13                  -0.05 12.0 33  6.0  0.565  +79.2    36.6    5.0 87         12.0  96 IIaF
M2-50          097.6-02.4  0.042: 21                  8.34 16,21                  7.49 21                  -0.85 10.0 33 13.3  0.419 -126.5    65.1    4.5 87          6.5  99 IIbC/IIIB
M2-52          103.7+00.4  0.165  20                  8.42 20                     8.78 20                  +0.36  1.5 40  8.1  0.010  -83.4    97.8   14.0 87         14.0  99 IC
M2-53          104.4-01.6  0.094  23                  8.09 23                     7.17 23                  -0.92  0.9 40  7.9  0.025  -53.8    74.3   14.8 76         11.0  99 IIbC/IIIB
M2-55          116.2+08.5  0.143  21,23,19            8.68 21,23                  8.27 21,23               -0.41  1.9 40  8.6  0.281  -15.7    16.7   40.0 87         19.0  99 IIaF
M3-1           242.6-11.6  0.118  12,21,23            8.35 12,16,21,23            7.79 12,21,23            -0.56  4.3 40 10.2  0.865  +42.0    14.9   11.0 87         24.0  99 IIaF
M3-2           240.3-07.6  0.212  3                   8.23 3                      8.53 3                   +0.30  3.2 40  9.6  0.423  +53.0    35.8    7.6 87          2.7  99 IB
M3-3           221.7+05.3  0.129  3                   8.54 3                      8.62 3                   +0.08  2.5 40  9.6  0.231  +81.6    68.1   12.2 87          5.6  99 IC
M3-4           241.0+02.3  0.137  12,17               8.67 12,17,16               8.25 12,17               -0.42  4.6 40 10.6  0.185  +60.3    28.3   13.8 87          2.4  99 IIaF
M3-5           245.4+01.6  0.111  12,23               8.28 12,16,23               8.06 12,23               -0.22  4.9 40 10.6  0.137  +50.4    17.1    7.0 87         10.0  99 IIaF
M3-6           253.9+05.7  0.100  13,12,17            8.72 13,12,17,16            7.39 13,12,17            -1.34  2.6 40  8.7  0.258  +33.4    32.5   11.0 87         75.0  99 IIbF
M3-7           357.1+03.6  0.107  21                  8.41 21                     8.08 21                  -0.33  4.6 40  3.0  0.289 -184.8   161.0    6.2 87         28.0  99 VF
M3-8           358.2+04.2  0.132  1,4                 8.34 1,4                    7.96 1,4                 -0.37  4.9 40  2.7  0.359  +85.7   103.2    2.9 87         20.0  99 VF
M3-9           359.9+05.1  0.059: 6                   8.68 6                      7.69 6                   -0.99  3.6 35  4.0  0.320  -74.4    73.9   17.0 67         35.0  99 VF
M3-10          358.2+03.6  0.100  4                   8.76 4                      8.17 4                   -0.59  6.1 40  1.5  0.383 -122.3    83.6    3.0 88         29.0  99 VF
M3-14          355.4-02.4  0.135  4                   8.90 4                      8.61 4                   -0.29  1.6 40  6.0  0.067  -74.5    66.4    2.8 87         30.0  99 VF
M3-15          006.8+04.1  0.122  14,17,21            8.64 14,17,16,21            8.30 14,17,21            -0.34  4.1 54  3.6  0.293 +107.8    66.0    5.0 88         65.0  99 VF
M3-16          359.1-02.3  0.093  4                   8.90 4                      7.88 4                   -1.02  1.4 40  6.2  0.056  +72.0    73.4    6.6 87         17.0  99 VF
M3-17          359.3-03.1  0.079  4                   8.65 4                      7.94 4                   -0.71  9.1 33  1.5  0.492  -24.1     8.6    2.9 87         12.0  99 VF
M3-19          000.4-02.9  0.101  6                   8.00 6                      7.27 6                   -0.73  8.3 35  0.7  0.420 +150.5   128.8    5.7 77,67       7.4  99 VF
M3-20          002.1-02.2  0.098  21                  8.70 21                     7.72 21                  -0.98  4.7 33  2.9  0.180  +33.5    15.2    4.0 87         40.0  99 VF
M3-21          355.1-06.9  0.102  13,23               8.86 13,23                  8.29 13,23               -0.56  4.9 40  2.8  0.589  -59.7    14.1    5.0 87         30.0  99 VF
M3-26          004.8-05.0  0.137  6                   8.40 6                      8.43 6                   +0.03  7.4 35  0.7  0.645   -0.5   270.8    8.6 77,72,67    8.0  99 VF
M3-29          004.0-11.1  0.089  13                  8.58 13,16                  8.19 13                  -0.39  3.0 40  4.7  0.578  +57.7    43.6    8.2 87         18.7  99 IIaF
M3-32          009.4-09.8  0.132  6                   8.56 6                      8.27 6                   -0.29  6.9 35  1.4  1.174  +67.9   148.7    6.0 67         12.0  99 VF
M3-33          009.6-10.6  0.072  6                   8.62 6                      7.72 6                   -0.90  5.6 40  2.4  1.030 +188.7    75.8    6.0 87          7.5  99 IIIF
M3-35          071.6-02.3  0.111  21,18               8.40 21                          21                         1.8 33  7.2  0.072 -179.2   220.1    1.5 61        140.0  99 (IIa/IIb)C*/(III/IV)B*
M3-36          358.6+07.8  0.100  21                  8.67 21                          21                         5.9 40  1.8  0.801  +10.9    35.8    3.2 87          3.5  99 VF
M3-37          359.8+06.9  0.092  6                   8.86 6                      8.34 6                   -0.52 10.0 35  2.3  1.201  -64.6    62.2   10.0 78          5.0  99 VF
M3-38          356.9+04.4  0.086  13,21               8.43 13,21                  8.32 13                  -0.11  5.9 33  1.8  0.453 -162.3   106.6    1.8 87         21.0  99 VF
M3-42          357.5+03.2  0.120  21                  9.00 21                     9.29 21                  +0.29  4.0 40  3.6  0.223 -258.4   243.3    6.0 87          6.0  99 VF
M3-43          000.1-01.1  0.140  21                  9.00 21                          21                         5.8 33  1.8  0.111   +1.6     0.1    3.8 87         27.2  99 VF
M3-45          359.7-01.8  0.085  4                   8.45 4                      7.71 4                   -0.74  1.0 40  6.6  0.031  +37.0    37.4    6.6 83         24.3  98 VF
M3-46          359.1-02.9  0.150  21                  9.04 21                     8.81 21                  -0.23  2.6 40  5.0  0.132  -62.5    59.8    4.4 76               -- VD
M3-48          359.0-04.1  0.140  21                  8.26 21                          21                         4.4 40  3.2  0.315   -3.6     3.8    4.8 76               -- VD
M3-50          357.1-06.1  0.130  21                  8.95 21                          21                         8.3 40  0.8  0.882  +25.2   165.1    4.0 76               -- VD
M3-52          018.9+04.1  0.129  6                   8.79 6                      8.58 6                   -0.21 10.7 35  4.3  0.765   -1.5    82.5   11.6 67          3.0  99 IE
M3-54          018.6-02.2  0.122  6                   8.67 6                      7.33 6                   -1.34  8.9 35  3.0  0.342 +168.0    12.1    5.5 61          8.0  99 IIbF
M4-3           357.2+07.4  0.095  21                  8.68 16,21                  8.28 21                  -0.40  8.1 54  0.6  1.043 +141.7   325.9    1.4 88         28.0  99 VF
M4-4           357.0+02.4  0.154  6                   8.92 6                      8.74 6                   -0.18  8.3 35  0.8  0.348  +21.4   158.4    6.6 67          9.8  95 VF
M4-6           358.6+01.8  0.111  6                   8.71 6                      8.47 6                   -0.24  6.3 54  1.3  0.198 -264.0   227.7    2.0 88         42.0  99 VF
M4-7           358.5-02.5  0.102  6                   8.33 6                      7.94 6                   -0.39  5.1 35  2.5  0.222 -240.6   224.2    7.0 63         33.0  99 VF
M4-8           018.9+03.6  0.015: 6                   8.03 6                      7.24 6                   -0.79  9.3 35  3.2  0.584  +40.7    95.8    1.3 61         19.0  99 IIbC/IIIB
M4-14          043.0-03.0         21                  8.34 21                     7.85 21                  -0.49  1.6 40  6.5  0.084  +45.5     4.8    7.0 87          8.0  99 indef.
MaC2-1         205.8-26.7  0.111  2                   8.44 2                      7.08 2                   -1.36      --              +59.9                --               -- (IIb/III/IV)D
Me1-1          052.5-02.9  0.118  21,23               8.71 16,21,23               8.52 21,23               -0.20  3.8 40  6.1  0.192   +7.9    68.8    4.7 87         45.1  96 IIaC
Me2-1          342.1+27.5  0.100  24                  8.72 24                     7.71 24                  -1.01  4.0 40  4.4  1.847  +51.8   117.0    7.0 61         30.0  99 IVF
Me2-2          100.0-08.7  0.157  21,23,18,19         8.34 16,21,23,18,19         8.52 21,23,18,19         +0.18  5.0 33  9.8  0.756 -143.7   121.1    1.2 62         40.0  99 IE
MyCn18         307.5-04.9  0.095  12                  8.39 12                     8.41 12                  +0.02  0.8 51  7.1  0.068  -71.5    34.5    6.0 87        106.0  99 IIaF
Mz1            322.4-02.6  0.130  22                  8.78 22                     8.39 22                  -0.39  1.1 51  6.8  0.050  -32.2     6.0   25.2 87         61.0  99 IIaF
Mz2            329.3-02.8  0.138  13,23,22            9.02 13,16,23,22            8.25 13,23,22            -0.77  2.3 40  5.7  0.112  -27.9    32.1   22.8 87         75.0  99 IIaF
Mz3            331.7-01.0  0.141  13,21,19            8.36 24                     8.48 24                  +0.12  4.5 31  4.2  0.079  -18.6   103.1   25.4 87        649.0  99 IC
NGC 40         120.0+09.8  0.045: 21,23               8.72 24                     8.11 24                  -0.61  1.0 32  8.1  0.170  -14.4    25.8   36.4 87        460.0  99 IIbF
NGC 246        118.8-74.7         16                  7.80 16                          16                         0.5 48  7.7  0.482  -50.4    56.9  224.0 87        248.0  99 indef.
NGC 650        130.9-10.5  0.121  15,21,23,18,19      8.86 15,16,21,23,19         8.52 15,21,23,19         -0.34  0.7 47  8.1  0.128  -17.8    29.2  100.0 87        125.0  99 IIaF
NGC 1360       220.3-53.9         16                       16                          16                         0.4 49  7.8  0.323  +28.7    37.9  370.0 87        225.0  99 indef.
NGC 1514       165.5-15.2  0.081  3                   8.81 3                           3                          0.6 47  8.2  0.157  +52.5    49.4  160.0 87        288.0  99 (IIa/IIb)F*
NGC 1535       206.4-40.5  0.092  7,15,21,18          8.55 7,15,16,21,18          7.63 7,15,21,18          -0.91  2.0 43  9.0  1.299  -16.9    19.6   18.4 87        160.0  99 IIIC/IIbB
NGC 2022       196.6-10.9  0.106  24                  8.67 24                     9.00 24                  +0.33  1.8 51  9.3  0.340   +1.3     2.8   19.7 87         91.0  99 IIaF
NGC 2242       170.3+15.8  0.099  10,15               7.77 10,15,16               7.28 10                  -0.49  6.0 39 13.3  1.634  +24.9    35.0   22.0 86               -- IIaB
NGC 2346       215.6+03.6  0.136  21,23,18,19         8.60 16,21,23,19            8.24 21,23,19            -0.36  0.8 47  8.3  0.050   +8.5    14.2   52.0 64         86.0  99 IIaF
NGC 2371-72    189.1+19.8  0.114  7,12,15,21,18,19    8.75 7,12,15,16,21,18,19    8.45 7,12,15,21,18,19    -0.31  0.5 45  8.1  0.169  +12.8    15.1   54.0 87         87.0  99 IIaF
NGC 2392       197.8+17.3  0.088  7,9,13,21,23        8.50 7,9,13,16,21,23        8.14 7,9,13,21,23        -0.36  1.6 53  9.1  0.476  +65.4    62.6   46.0 80        228.5  93 IIaC
NGC 2438       231.8+04.1  0.113  12,15,21,23         8.64 12,15,16,23            8.17 12,15,23            -0.47  2.0 46  9.0  0.143  +61.7    55.7   80.0 87         67.0  99 IIaF
NGC 2440       234.8+02.4  0.119  24                  8.58 24                     8.64 24                  +0.06  1.1 40  8.3  0.046  +48.8    56.4   18.4 87        370.0  99 IIaF
NGC 2452       243.3-01.0  0.111  12,21,23,19         8.69 12,16,21,23,19         8.55 12,21,23,19         -0.14  2.7 40  9.1  0.047  +48.0    38.0   19.6 87         57.0  99 IIaF
NGC 2474-75    164.8+31.1         21                       21                          21                  +0.08  0.6 33  8.1  0.310  -86.2    89.5  380.0 76               -- indef.
NGC 2610       239.6+13.9  0.110  21                  8.18 16                          16                  -0.42  2.6 40  9.1  0.625  +76.7    67.2   49.0 87         30.0  99 IIaC
NGC 2792       265.7+04.1  0.110  7,12,17,21          8.79 12,17,16,21            8.19 12,17,21            -0.60  1.8 40  7.9  0.129   +2.8    21.9   50.0 87        116.0  99 IIaF
NGC 2818       261.9+08.5  0.148  21,23,18,19         8.62 16,21,23,18,19         8.54 21,23,18,19         -0.09  2.3 40  8.2  0.340  -12.0     1.6   50.0 87         33.0  99 IB
NGC 2867       278.1-05.9  0.115  12,17,21,23         8.72 12,17,16,21,23         8.23 12,17,21,23         -0.49  1.7 51  7.5  0.175   +2.7    34.0   15.2 87        252.0  99 IIaF
NGC 2899       277.1-03.8  0.134  12,23               8.58 12,16,23               8.67 12,23               +0.09  1.5 40  7.6  0.099   -6.8    24.3   90.0 87         86.0  99 IF
NGC 3132       272.1+12.3  0.121  1                   8.95 1                      8.49 1                   -0.46  0.5 47  7.6  0.107  -25.1     4.3   45.0 87        230.0  99 IIaF
NGC 3195       296.6-20.0  0.132  12,17,23            8.76 12,17,16,23            8.28 12,17,23            -0.48  2.4 40  6.9  0.821  -14.8    33.1   39.4 87         35.0  99 IIaF
NGC 3211       286.3-04.8  0.115  7,17,21,18          8.84 7,17,16,21,18          8.11 7,17,21             -0.73  2.5 40  7.3  0.209  -30.8     8.1   16.0 87        228.0  99 IIbF
NGC 3242       261.0+32.0  0.101  7,17,17,21,23,22,18 8.66 7,17,17,16,21,23,22,18 7.91 7,17,17,21,23,22,18 -0.75  0.5 48  7.7  0.265   -2.8    20.2   40.0 80        315.5  93 IIbF
NGC 3587       148.4+57.0  0.095  14,21               8.61 14,16,21               8.01 14,21               -0.60  0.6 47  7.9  0.503  +10.0     4.0  170.0 87        101.0  99 IIbF
NGC 3699       292.6+01.2  0.130  1                   9.01 1                      8.58 1                   -0.43  2.0 40  7.1  0.042  -22.4    23.2   44.8 87         67.0  99 IIaF
NGC 3918       294.6+04.7  0.109  7,15,21,18          8.78 7,15,16,21,18          8.27 7,15,21,18          -0.51  0.9 40  7.3  0.074  -21.8    16.1   16.0 87        859.0  99 IIaF
NGC 4361       294.1+43.6  0.111  10,21,22,18         8.27 10,16,21               7.55 10,21               -0.72  1.2 43  7.3  0.828   +8.8    36.0  114.0 87        207.0  99 IIbF
NGC 5189       307.2-03.4  0.127  12,22               8.73 12,16,22               8.24 12,22               -0.49  1.3 51  6.9  0.077  -13.2    32.1  140.0 87        455.0  99 IIaF
NGC 5307       312.3+10.5  0.101  12,17,21,18         8.63 12,17,16,21,18         7.97 12,17,21,18         -0.65  2.3 40  6.3  0.419  +38.9   100.7   12.6 87         95.0  99 IIbC/(III/IV)B
NGC 5315       309.1-04.3  0.124  24                  8.72 24                     8.66 24                  -0.06  1.2 33  6.9  0.090  -37.8     5.8    6.1 87        442.0  99 IIaF
NGC 5873       331.3+16.8  0.102  12,21               8.56 12,16,21               8.04 12,21               -0.52  3.8 40  4.7  1.098 -126.3    35.3    3.0 88         48.0  99 IIaB
NGC 5882       327.8+10.0  0.108  24                  8.68 24                     8.20 24                  -0.48  1.6 40  6.3  0.278  +12.5    56.6   14.0 87        334.0  99 IIaF
NGC 5979       322.5-05.2  0.116  12                  8.66 12,16                  8.28 12                  -0.38  2.6 40  5.8  0.236  +22.9    93.4    8.0 87        117.0  99 IIaC
NGC 6058       064.6+48.2  0.114  21                  8.54 21                     8.04 21                  -0.50  3.3 38  6.9  2.460  +16.4    16.6   26.0 87         10.0  99 IIaB
NGC 6153       341.8+05.4  0.140  24                  8.92 24                     8.68 24                  -0.24  1.0 40  6.7  0.094  +44.5    65.4   23.4 87        477.0  99 IC
NGC 6210       043.1+37.7  0.109  7,9,21,23,18        8.72 7,9,16,21,23,18        7.86 7,9,21,23,18        -0.86  1.6 48  6.7  0.978  -21.4    56.1   17.0 80        207.5  93 IIbF
NGC 6302       349.5+01.0  0.170  24                  8.36 24                     8.46 24                  +0.10  1.6 48  6.0  0.028  -32.0    13.8   44.6 80       3034.0  99 IF
NGC 6309       009.6+14.8  0.115  7,14,17,21,23,22    8.89 7,14,17,16,21,23,22    8.10 7,14,17,21,23,22    -0.79  2.1 40  5.6  0.536  -35.4    55.8   13.8 87        151.0  99 IIbF
NGC 6326       338.1-08.3  0.111  23,22               8.93 23,22                  7.99 23,22               -0.94  2.5 40  5.4  0.361  +11.8    64.5   11.8 87         70.0  99 IIbC/IIIB
NGC 6337       349.3-01.1  0.190: 22                  8.76 22                     7.64 22                  -1.12  1.7 40  5.9  0.033  -64.2    44.6   47.0 87        103.0  99 IIaF
NGC 6369       002.4+05.8  0.116  8,13,21,23,22       8.60 8,13,16,21,23,22       8.05 8,13,21,23,22       -0.55  0.6 40  7.0  0.061  -90.9    93.1   28.6 87       2002.0  99 IIaC
NGC 6439       011.0+05.8  0.132  14,17,21,23         8.76 14,17,16,21,23         8.57 14,17,21,23         -0.18  3.8 40  4.0  0.384  -85.2   140.7    4.0 61         55.0  99 IE
NGC 6445       008.0+03.9  0.140  24                  8.36 24                     8.46 24                  +0.10  2.0 51  5.6  0.136  +27.0     9.6   34.0 88        368.0  99 IF
NGC 6537       010.1+00.7  0.149  24                  8.26 24                     8.65 24                  +0.39  0.9 33  6.7  0.011   -6.0    17.4    9.0 88        640.0  99 IF
NGC 6543       096.4+29.9  0.118  24                  8.74 24                     8.36 24                  -0.38  1.0 50  7.7  0.498  -54.5    76.3   20.0 87        850.0  99 IIaC
NGC 6563       358.5-07.3  0.126  13,17,21,22         8.60 13,17,16,21,22         8.44 13,17,21            -0.15  1.9 40  5.7  0.241  -21.6    18.5   45.2 87         69.0  99 VA
NGC 6565       003.5-04.6  0.108  13,17,21,23         8.87 13,17,16,21,23         8.55 13,17,21,23         -0.31  3.5 40  4.1  0.281   +3.2    13.2    9.0 88         37.0  99 VF
NGC 6567       011.7-00.6  0.102  15,21,23            8.48 15,16,21,23            7.64 15,21,23            -0.84  2.1 40  5.6  0.022 +130.3   103.9    8.8 87        168.0  99 IIbC/(III/IV)B
NGC 6572       034.6+11.8  0.116  7,14,21,23,18       8.72 7,14,16,21,23,18       8.33 7,14,21,23,18       -0.39  1.2 48  6.7  0.245   +4.5    32.8   14.6 80        877.5  93 IIaF
NGC 6578       010.8-01.8  0.116  15,21,23,22         8.83 15,16,21,23,22         8.22 15,21,23,22         -0.61  1.8 44  5.8  0.057  +15.1     5.8    9.6 87        170.0  99 IIbF
NGC 6620       005.8-06.1  0.113  13,21,23            8.88 13,16,21,23            8.49 13,21,23            -0.38  4.0 40  3.7  0.425  +79.0    45.0    5.0 87         20.5  96 VF
NGC 6629       009.4-05.0  0.115  17,21,22,19         8.65 17,16,21,22            7.48 17,21,22            -1.17  2.1 43  5.5  0.183  +24.7     3.4   15.0 87        275.0  99 VA
NGC 6644       008.3-07.3  0.104  13,21,23            9.10 13,16,21,23            8.41 13,21,23            -0.69  2.5 33  5.2  0.318 +200.6   177.6    3.0 88         97.0  99 VF
NGC 6720       063.1+13.9  0.117  7,9,21,23,18        8.81 7,9,16,21,23,18        8.31 7,9,21,23,18        -0.50  0.7 37  7.3  0.168   -4.3    39.0   76.0 64        360.0  99 IIaF
NGC 6741       033.8-02.6  0.110  24                  8.82 24                     8.45 24                  -0.37  1.7 40  6.3  0.077  +54.6     6.1    6.0 88        230.0  99 IIaF
NGC 6751       029.2-05.9  0.110  12,21,23,19         8.66 12,16,21,23,19         8.28 12,21,23,19         -0.39  1.5 46  6.3  0.154  -26.4    66.7   21.0 87         63.0  99 IIaC
NGC 6765       062.4+09.5  0.118  21,23               9.10 21,23                  8.69 21,23               -0.41  4.1 40  6.8  0.677  -45.3   100.4   38.0 87         17.7  99 IIaC
NGC 6778       034.5-06.7  0.155  21,23,19            8.50 16,21,23,19            8.54 21,23,19            +0.04  1.0 46  6.8  0.117 +103.9    69.7   16.0 87         55.0  99 IC
NGC 6781       041.8-02.9  0.129  21                  8.63 16,21                  8.34 21                  -0.29  1.6 51  6.5  0.081  +18.0    32.0  130.0 87        347.0  99 IF
NGC 6790       037.8-06.3  0.116  7,14,21,23          8.57 7,14,16,21,23          7.86 7,14,21,23          -0.71  1.5 40  6.5  0.165  +53.5     7.4    1.8 62        290.0  99 IIbF
NGC 6803       046.4-04.1  0.127  21,18               8.83 16,21,18               8.57 21,18               -0.26  2.5 40  6.2  0.179  +26.6    40.7    6.0 88        114.0  99 IF
NGC 6804       045.7-04.5  0.138  21                  8.51 16,21                       16                         1.4 51  6.7  0.110   +1.6    45.2   40.4 87        135.0  99 (I/IIa)F*
NGC 6807       042.9-06.9  0.105  21,23               8.54 16,21,23               7.93 21,23               -0.60  5.5 40  5.2  0.661  -54.4   162.0    0.8 62         29.0  99 IIbC/(III/IV)B
NGC 6818       025.8-17.9  0.099  24                  8.68 24                     8.10 24                  -0.58  2.2 36  5.8  0.676   -3.7    51.3   18.8 87        300.0  99 IIaF
NGC 6826       083.5+12.7  0.106  7,9,21,23,18        8.46 7,9,16,21,23           7.54 7,9,21,23           -0.92  1.9 43  7.6  0.418   +6.8    21.8   25.4 87        385.0  99 IIbF
NGC 6833       082.5+11.3  0.109  21                  8.06 16,21                  7.90 21                  -0.17  4.8 33  8.4  0.941  -95.8   101.8    0.5 61         22.0  99 IIaC
NGC 6853       060.8-03.6  0.126  21,23,18,19         8.75 16,21,23,19            8.45 21,23,19            -0.31  0.4 37  7.4  0.025  -28.2    60.1  330.0 87       1325.0  99 IIaC
NGC 6879       057.2-08.9  0.100  14,21,23            8.59 14,16,21,23            7.90 14,21,23            -0.69  3.7 40  6.4  0.572  +22.0    44.2    5.0 87         18.0  99 IIbF
NGC 6881       074.5+02.1  0.107  21,23               8.73 16,21,23               8.38 21,23               -0.35  1.7 40  7.3  0.062   -1.2    39.3    2.6 61        120.0  99 IIaF
NGC 6884       082.1+07.0  0.113  7,14,21,23,18       8.80 7,14,16,21,23,18       8.30 7,14,21,23,18       -0.50  1.9 44  7.6  0.232  -22.8    53.2    6.0 88        200.0  99 IIaF
NGC 6886       060.1-07.7  0.107  24                  8.81 24                     8.62 24                  -0.19  2.8 40  6.7  0.375  -22.7    80.3    4.0 88        108.0  99 IIaC
NGC 6891       054.1-12.1  0.114  7,14,21             8.62 14,16,21               7.71 14,21               -0.90  3.2 43  6.3  0.671  +54.9    12.6   12.6 87        105.0  99 IIbF
NGC 6894       069.4-02.6  0.101  21,23               8.64 16,21,23               8.48 21,23               -0.16  1.5 40  7.2  0.068  -44.8    86.1   55.0 87         61.0  99 IIaC
NGC 6905       061.4-09.5  0.104  12,21               8.73 12,16,21               8.04 12,21               -0.69  1.0 31  7.2  0.165   +4.4    34.8   47.0 87         52.0  99 IIbF
NGC 7008       093.4+05.4  0.138  21,19               8.71 16                          16                  +0.00  1.1 46  7.7  0.104  -64.7    89.9   85.6 87        217.0  99 IC
NGC 7009       037.7-34.5  0.113  7,9,13,12,21,23,18  8.76 7,9,13,12,16,21,23,18  8.29 7,9,13,12,21,23,18  -0.47  0.6 48  7.2  0.340  -38.6    60.8   26.8 87        750.0  99 IIaC
NGC 7026       089.0+00.3  0.115  7,14,21,23,18       8.78 7,14,16,21,23          8.49 7,14,21,23          -0.28  0.9 40  7.6  0.005  -29.4    58.2   11.2 87        260.0  99 IIaF
NGC 7027       084.9-03.4  0.106  24                  8.61 24                     8.18 24                  -0.43  0.8 48  7.6  0.047  +20.2    10.7   15.0 64       5200.0  99 IIaF
NGC 7293       036.1-57.1  0.146  9,21,23,18          8.73 9,16,21,23,18          8.50 9,21,23,18          -0.23  0.2 37  7.5  0.168  -25.8    36.4  660.0 64       1292.0  99 IF
NGC 7354       107.8+02.3  0.112  7,8,21,23           8.61 7,8,16,21,23           8.11 7,8,21,23           -0.51  0.8 40  7.9  0.032  -33.8    53.8   20.0 87        579.0  99 IIaF
NGC 7662       106.5-17.6  0.088  24                  8.62 24                     7.83 24                  -0.79  0.8 48  7.9  0.242   -7.4    27.4   26.0 87        631.0  99 IIbF
PB1            226.4-03.7  0.114  12                  8.59 12                     7.53 12                  -1.06      --                              10.0 85         18.0  91 (IIb/III/IV)D
PB3            269.7-03.6  0.126  1                   8.83 1                      8.32 1                   -0.51  3.2 40  8.3  0.201                   7.0 87         70.0  99 IIaD
PB4            275.0-04.1  0.125  12                  8.62 12,16                       12                         2.9 40  7.9  0.207                  10.8 87         71.0  99 (I/IIa)D*
PB6            278.8+04.9  0.178  17,21,23,18,19      8.65 17,16,21,23,18,19      8.80 17,21,23,18,19      +0.15  4.0 40  8.0  0.342  +49.8    66.2   11.0 87         30.0  99 IE
PB8            292.4+04.1  0.124  12                  8.69 12                          12                         5.1 40  7.4  0.365  +15.6    51.1    5.0 87         27.0  99 (IIa/IIb)F*
PC12           000.1+17.2  0.090  21                  8.82 21                     7.77 21                  -1.05  6.1 40  1.8  1.804  -49.9    51.6    1.8 87         19.0  99 IVC/IIbB
PC14           336.2-06.9  0.111  12,17               9.07 12,17,16               8.28 12,17               -0.80  4.5 40  3.9  0.541  -43.0    74.5    7.0 87         30.0  99 IIbC/IIIB
Pe1-1          285.4+01.5  0.093  13,23               8.71 13,23                  8.07 13,23               -0.64  2.2 33  7.3  0.058  +11.7    49.9    3.0 87        125.3  99 IIbF
Pe1-12         004.0-05.8  0.114  6                   8.63 6                      7.90 6                   -0.73  8.8 35  1.3  0.889 +168.3    62.6    9.6 77,72,67    3.4  99 VF
Pe1-13         010.7-06.7  0.099  6                   9.03 6                           6                         11.4 35  4.1  1.330  -76.5   126.6    7.6 67          5.0  96 IIaE*/IIIF*/IVB*
Pe1-17         024.3-03.3  0.138  13                  9.20 13,16                  8.80 13                  -0.40  3.2 40  4.9  0.184  +13.4    62.9    6.0 87          6.0  99 IIaC
Pe1-18         027.3-02.1  0.130  13,14,17            8.81 13,14,17,16            8.54 13,14,17            -0.27  1.5 40  6.3  0.055                   1.2 87         42.0  99 ID
Pe2-7          285.4+02.2  0.113  12                  8.45 12                     7.77 12                  -0.68      --              +18.5                --               -- (IIb/III/IV)D
Pe2-11         002.5-01.7  0.160  21                  8.26 21                          21                         1.3 40  6.3  0.039 +164.3   160.6    5.2 76               -- VD
Pe2-14         013.0-04.3  0.200: 13                  8.28 13                     7.21 13                  -1.07  3.1 40  4.6  0.232  +98.9    52.2    5.0 76               -- IIaF
PNG006.0-41.9  006.0-41.9  0.091  10                  8.06 10                     8.28 10                  +0.22  7.0 39  2.5  4.675                   8.4 71               -- IIaE
PNG135.9+55.9  135.9+55.9  0.080  25                  6.15 25                          25                             --                                   --               -- (IIa/IIb/III/IV)D*
PNG243.8-37.1  243.8-37.1  0.100  10                  8.10 10                     7.50 10                  -0.60  5.0 39 10.4  3.016                  23.0 71               -- IIaE
PW1            158.9+17.8         21                       21                          21                  +0.18  0.4 37  8.0  0.122                2400.0 68         84.7  99 indef.
SA2-21         238.9+07.3  0.129  3                   8.31 3                      8.05 3                   -0.26  3.3 34  9.7  0.419                  40.0 84          2.4 101 IE
SB01           000.1-08.0  0.077  5                   8.22 5                      7.30 5                   -0.92      --              -45.9           29.1 65               -- VE/(IIb/III/IV)D
SB02           000.5-05.3  0.168  5                   7.97 5                      7.52 5                   -0.45      --                              25.2 65               -- VE/IIaD
SB03           000.7-06.1  0.159  5                   7.69 5                      7.80 5                   +0.11      --              +76.4           66.3 65               -- VE/ID
SB04           001.1-06.4  0.114  5                   7.73 5                      7.75 5                   +0.02      --              +29.5           30.6 65               -- VE/IIaD
SB06           001.6-05.9  0.130  5                   7.78 5                      8.03 5                   +0.25      --              +39.6           23.1 65               -- VE/ID
SB12           005.4-06.1  0.115  5                   7.98 5                           5                              --              +34.3           10.2 65               -- (V/IIa/IIb/III/IV)D*
SB15           009.3-06.5  0.099  5                   8.19 5                      6.39 5                   -1.80      --             +174.9           14.1 65               -- (V/IIb/III/IV)D
SB17           011.1-07.9  0.142  5                   7.97 5                      7.50 5                   -0.47      --             +155.0           19.5 65               -- IIaD
SB18           011.4-7.3   0.103  5                   8.26 5                      6.72 5                   -1.54      --               +8.1           12.0 65               -- (IIb/III/IV)D
SB19           014.4-06.1  0.156  5                   8.56 5                      7.38 5                   -1.18      --              +82.8           33.0 65               -- IIaD
SB20           014.8-08.4  0.144  5                   7.88 5                      6.52 5                   -1.36      --              -13.5           22.8 65               -- IIaD
SB21           016.0-07.6  0.123  5                   8.50 5                      7.02 5                   -1.48      --              +76.8           24.3 65               -- (IIb/III/IV)D
SB24           017.5-09.2  0.109  5                   8.34 5                      6.87 5                   -1.47      --              +32.8           18.9 65               -- (IIb/III/IV)D
SB25           341.0+09.4  0.138  5                   8.06 5                      8.10 5                   +0.04      --              -87.2           15.9 65               -- ID
SB26           341.7-06.0  0.098  5                   8.74 5                      8.00 5                   -0.74      --             -149.6           11.4 65               -- (IIb/III/IV)D
SB28           342.3-06.0  0.114  5                   8.75 5                           5                              --              -22.4            8.4 65               -- (IIa/IIb/III/IV)D*
SB30           343.9-05.8  0.100  5                   8.36 5                      7.56 5                   -0.80      --              +72.0           12.3 65               -- (IIb/III/IV)D
SB31           347.9-06.0  0.110  5                   8.96 5                      8.13 5                   -0.83      --              -64.2           15.3 65               -- (IIb/III/IV)D
SB32           349.7-09.1  0.142  5                   7.90 5                      7.34 5                   -0.56      --             +191.9           15.6 65               -- IIaD
SB33           351.2-06.3  0.095  5                   7.62 5                      7.48 5                   -0.14      --              +64.5           20.1 65               -- VE/IIaD
SB34           351.5-06.5  0.139  5                   8.53 5                           5                              --              -50.5           21.9 65               -- VE*/(I/IIa)D*
SB35           351.7-06.6  0.107  5                   8.25 5                      7.02 5                   -1.23      --             -113.4           13.2 65               -- (V/IIb/III/IV)D
SB37           352.6-04.9  0.146  5                        5                           5                              --              +27.0           12.0 65               -- (I/IIa/V)D*
SB38           352.7-08.4  0.135  5                   8.07 5                      7.49 5                   -0.58      --              +65.6           15.0 65               -- (IIa/V)D
SB42           355.3-07.5  0.055: 5                   7.82 5                      6.71 5                   -1.11      --              +47.2           21.0 65               -- VE/(IIb/III/IV)D
SB44           356.0-07.4  0.136  5                   8.93 5                      7.72 5                   -1.21      --               +8.4           27.0 65               -- VE/IIaD
SB50           357.3-06.5  0.141  5                   8.13 5                      7.45 5                   -0.68      --               +7.7           23.7 65               -- VE/IIaD
SB52           358.3-07.3  0.137  5                   8.58 5                      7.31 5                   -1.27      --              -41.2           14.7 65               -- (IIa/V)D
SB53           358.7-05.1  0.134  5                   8.83 5                      8.53 5                   -0.30      --               -5.8           15.6 65               -- (I/V)D
SB55           359.4-08.5  0.153  5                   7.87 5                      6.60 5                   -1.27      --             +170.9           15.0 65               -- (IIa/V)D
Sh2-71         035.9-01.1         21                       21                          21                  +0.83  1.0 40  6.8  0.019  +38.3     2.9  114.0 87         63.0  99 indef.
SkWl3-2                    0.060  12                  7.74 12                     6.81 12                  -0.93      --                                   --               -- (V/IIb/III/IV)D
Sn1            013.3+32.7  0.092  21                  8.59 16,21                  7.25 21                  -1.33 12.5 33  3.6  6.753 -112.8   181.1    3.0 61          7.0  99 IVF
SwSt1          001.5-06.7  0.107  21                  8.65 16,21                  7.61 21                  -1.04  1.4 33  6.2  0.163   -8.5    10.8    1.3 62        216.0  99 VA
Tc1            345.2-08.8  0.072  13,22               8.69 13,16,22               7.71 13,22               -0.99  3.3 43  4.5  0.505  -79.2    23.5    9.6 87        801.0  99 IIbF
Th2-A          306.4-00.6  0.104  12,17,23            8.73 12,17,16,23            8.34 12,17,23            -0.40  2.5 40  6.4  0.026  -48.6    14.2   24.4 87         60.0  99 IIaF
Th3-13         356.1+02.7  0.089  6                   7.61 6                      7.33 6                   -0.28 10.3 35  2.8  0.485  -90.5    53.4    2.0 81         14.3  95 VF
Th3-15         358.8+04.0  0.107  6                   8.06 6                      7.62 6                   -0.44 10.2 35  2.6  0.712  +42.2    54.8    6.0 88               -- VD
Th3-34         356.3-00.3  0.193  6                   8.14 6                      9.15 6                   +1.01      35                                   --               -- (I/V)D
Th4-2          008.8+05.2  0.180  6                   8.50 6                      8.72 6                   +0.22 11.3 35  3.9  1.024  +55.9    10.6   19.0 67          2.2  97 VF
Th4-7          006.8+02.3  0.072  6                   8.35 6                      7.70 6                   -0.65  5.6 35  2.1  0.225  +22.5    70.5    6.0 85         38.5  91 VF
Th4-10         010.6+03.2  0.116  23                  8.47 23                     7.96 23                  -0.51      --              +39.2            0.0 79               -- IIaD
Vd1-1          344.2+04.7  0.079  13                  8.02 13                     7.07 13                  -0.95      --             -136.0                --               -- (IIb/III/IV)D
Vy1-1          118.0-08.6  0.139  21                  8.35 16                          16                         6.2 33 11.8  0.927  -45.9     2.1    6.0 61         28.9  99 IB*/IIaF*
Vy1-2          053.3+24.0  0.096  21                  8.84 16,21                  8.05 21                  -0.79  4.7 40  6.1  1.912  -86.6   157.0    4.6 76               -- IVF
Vy2-1          007.0-06.8  0.145  6                   8.94 6                      9.04 6                   +0.10  5.6 54  2.2  0.663 +117.2    24.5    3.7 87         37.0  99 VF
Vy2-2          045.4-02.7  0.104  13,21,23            8.34 13,16,23               7.53 13,23               -0.81  2.2 33  6.3  0.104  -57.3   119.5    0.5 88         50.0  99 IIbC/(III/IV)B
Y-c2-5         240.3+07.0  0.071  3                   9.05 3                           3                          7.7 34 13.2  0.938                   8.0 69          4.5 101 (IIa/IIb)D*
Y-c2-32        013.7-10.6  0.088  6                   8.59 6                      7.59 6                   -1.00      35              +44.5           15.0 85               -- (IIb/III/IV)D
Ym29           205.1+14.2         16                  8.53 16                          16                  +0.04  0.5 37  8.0  0.123  +17.8    24.4  615.0 87        327.0  99 indef.
