1.0 0.0
2.0 0.0
3.0 0.0
4.0 0.0
5.0 0.0
6.0 0.0
7.0 0.0
8.0 0.0
9.0 0.0
10.0 0.0
11.0 0.0
12.0 0.0
13.0 0.0
14.0 0.0
15.0 0.0
16.0 0.0
17.0 0.0
18.0 0.0
19.0 0.0
20.0 0.0
21.0 0.0
22.0 14.584870400173324
23.0 11.327685573271342
24.0 5.528812263693128
25.0 7.627719768456051
26.0 0.6446639043944222
27.0 0.5767017006874084
28.0 0.6516101232596806
29.0 0.6478789874485561
30.0 0.8872575674738202
31.0 0.9834500551223755
32.0 1.0482406616210938
33.0 1.0494748609406608
34.0 1.2071472917284285
35.0 1.302797521863665
36.0 1.7915268966129847
37.0 1.827400531087603
38.0 1.810696976525443
39.0 1.6319927658353532
40.0 1.295554212161473
41.0 0.8784264240946088
42.0 0.7510394709450858
43.0 0.6121081198964801
44.0 0.5644121936389378
45.0 0.5022010377475193
46.0 0.5274087616375515
47.0 0.49157592228480745
48.0 0.4421237323965345
49.0 0.4286707767418453
50.0 0.4062817692756653
51.0 0.3671540234770094
52.0 0.35857097591672626
53.0 0.3495372235774994
54.0 0.34876514971256256
55.0 0.31393586099147797
56.0 0.3152444511651993
57.0 0.2545382103749684
58.0 0.27539493995053427
59.0 0.23321680937494552
60.0 0.24677945247718266
61.0 0.240350427372115
62.0 0.18160827883652278
63.0 0.20281163496630533
64.0 0.18892292252608708
65.0 0.1754338136608047
66.0 0.19652547580855234
67.0 0.225301416856902
68.0 0.18131631825651442
69.0 0.21087546007973806
70.0 0.21900850108691625
71.0 0.1960945948958397
72.0 0.18318447470664978
73.0 0.25010025075503756
74.0 0.17830101719924382
75.0 0.2153402077300208
76.0 0.17136860745293753
77.0 0.2728417558329446
78.0 0.23905588047845022
79.0 0.25842142743723734
80.0 0.2763045345033918
81.0 0.2439366557768413
82.0 0.2638417056628636
83.0 0.2582913637161255
84.0 0.2903144231864384
85.0 0.33557187020778656
86.0 0.31260126403399874
87.0 0.33417876277651104
88.0 0.3169337638786861
89.0 0.3503186660153525
90.0 0.40023698125566753
91.0 0.37631196635110037
92.0 0.3581503544534956
93.0 0.4279403601373945
94.0 0.4225096787725176
95.0 0.40077647992542814
96.0 0.35808887651988436
97.0 0.39542099833488464
98.0 0.3852278334753854
99.0 0.37676526393209187
100.0 0.4020273728030069
101.0 0.4348675991807665
102.0 0.3829841890505382
103.0 0.4377313383987972
104.0 0.427977842944009
105.0 0.4481147016797747
106.0 0.500413077218192
107.0 0.4689682849815914
108.0 0.5237141507012504
109.0 0.5688071293490273
110.0 0.5145748257637024
111.0 0.5362092767442975
112.0 0.616053215094975
113.0 0.6256569581372398
114.0 0.6476275665419442
115.0 0.6756908552987235
116.0 0.7404053040913173
117.0 0.7006687011037555
118.0 0.8349246808460781
119.0 0.8302315643855503
120.0 0.8516660247530256
121.0 0.8972581199237278
122.0 0.9731289829526629
123.0 1.0053546002932958
124.0 1.0580319677080428
125.0 1.2761218207223075
126.0 1.368011406489781
127.0 1.5015385832105363
128.0 1.5133166994367326
129.0 1.6234157936913627
130.0 1.7559710570744105
131.0 1.918547374861581
132.0 2.062002011707851
133.0 2.324719156537737
134.0 2.699835334505354
135.0 3.4622667176382884
136.0 4.11381070954459
137.0 8.452319485800606
138.0 13.957599367414202
139.0 16.753683635166713
140.0 18.404452868870326
141.0 18.51694474901472
142.0 15.936404773167201
143.0 14.675871576581683
144.0 13.912082399640765
145.0 13.754712785993304
146.0 13.161477088928223
147.0 12.447929518563408
148.0 12.243517739432198
149.0 12.163037845066615
150.0 12.063092367989677
151.0 12.043750762939453
152.0 12.054489271981376
153.0 12.385592324393135
154.0 13.755259786333356
155.0 14.459006990705218
156.0 15.593584196908134
157.0 16.312210900442942
158.0 16.831804003034318
159.0 18.395984649658203
160.0 20.091278893607004
161.0 22.83461597987584
162.0 24.699845722743444
163.0 26.987367630004883
164.0 28.59579222542899
165.0 31.306050164358957
166.0 33.501335688999724
167.0 36.60751451764788
168.0 36.928558349609375
169.0 38.29516002110073
170.0 43.28619602748326
171.0 50.895447322300505
172.0 57.58638054983957
173.0 60.287156786237446
174.0 64.96022960117885
175.0 67.05196271623883
176.0 67.60108729771206
177.0 68.29823902675084
178.0 72.0988529750279
179.0 81.61963762555804
180.0 89.16588701520648
181.0 91.75011444091797
182.0 99.64718191964286
183.0 107.90276336669922
184.0 113.62520490373883
185.0 118.26945277622768
186.0 117.6332517351423
187.0 117.07853480747768
188.0 119.54193442208427
189.0 123.14754377092633
190.0 125.90191323416573
191.0 124.98830849783761
192.0 125.47882298060826
193.0 123.73336683000836
194.0 122.5023662022182
195.0 121.05399976457868
196.0 118.35035487583706
197.0 106.7792489188058
198.0 101.16185433523995
199.0 103.54409790039062
200.0 102.69735172816685
201.0 98.42691149030414
202.0 96.70772770472935
203.0 95.79063197544643
204.0 90.67658124651227
205.0 85.06712341308594
206.0 80.3716539655413
207.0 78.79473114013672
208.0 76.08561161586216
209.0 73.69007982526507
210.0 72.0552498953683
211.0 70.17452566964286
212.0 66.18895448957171
213.0 63.35006986345564
214.0 60.88184247698103
215.0 57.137869698660715
216.0 54.9628061567034
217.0 51.160384041922434
218.0 49.19925199236189
219.0 47.126028878348215
220.0 45.36981473650251
221.0 43.37657111031668
222.0 42.149979727608816
223.0 40.561650957380024
224.0 38.88195310320173
225.0 37.81181008475168
226.0 37.52804837908064
227.0 35.297149658203125
228.0 33.15577915736607
229.0 33.12127195085798
230.0 35.29078183855329
231.0 37.37431716918945
232.0 39.03071594238281
233.0 40.12840761457171
234.0 41.05458014351981
235.0 43.31394958496094
236.0 44.13104411533901
237.0 43.659261975969585
238.0 42.423326219831196
239.0 39.189244406563894
240.0 38.03825868879046
241.0 36.80385044642857
242.0 37.71625409807478
243.0 36.41855539594378
244.0 36.66102572849819
245.0 34.36712864467076
246.0 33.569376536778044
247.0 32.79967825753348
248.0 33.54206657409668
249.0 33.82909965515137
250.0 34.141959871564595
251.0 35.15084648132324
252.0 34.69979749407087
253.0 30.953596932547434
254.0 28.656652178083146
255.0 26.23274094717843
256.0 23.54358128138951
257.0 19.03268732343401
258.0 16.562937600272043
259.0 15.451884269714355
260.0 14.124836240495954
261.0 14.096120289393834
262.0 13.554793630327497
263.0 13.91373416355678
264.0 13.553468840462822
265.0 14.369874136788505
266.0 15.026181629725865
267.0 15.538043975830078
268.0 14.943533079964775
269.0 14.819743973868233
270.0 14.751507350376674
271.0 14.250614438738141
272.0 15.769094330923897
273.0 20.6103002003261
274.0 23.507875442504883
275.0 23.519155502319336
276.0 19.279528209141322
277.0 13.77349751336234
278.0 6.742505209786551
279.0 5.259635175977435
280.0 4.687553746359689
281.0 4.462422234671457
282.0 3.935858658381871
283.0 3.5519841398511613
284.0 2.8382130690983365
285.0 2.524632045200893
286.0 1.9875242710113525
287.0 1.6903825146811349
288.0 1.5197255100522722
289.0 1.4786508083343506
290.0 1.3855496304375785
291.0 1.2639059339250838
292.0 1.2444813762392317
293.0 1.2697512933186121
294.0 1.168531366756984
295.0 1.1149250864982605
296.0 1.0376529267856054
297.0 0.9884000590869358
298.0 0.894041291304997
299.0 0.8581244775227138
300.0 0.8391682590757098
301.0 0.8494002989360264
302.0 0.7596926689147949
303.0 0.7810437168393817
304.0 0.751216070992606
305.0 0.6968223708016532
306.0 0.6997869951384408
307.0 0.7373606222016471
308.0 0.6936703239168439
309.0 0.7022586337157658
310.0 0.7252772620746067
311.0 0.735977223941258
312.0 0.7086909753935677
313.0 0.6721766676221576
314.0 0.7259927817753383
315.0 0.7105529478618077
316.0 0.7258412412234715
317.0 0.7264805861881801
318.0 0.7650827424866813
319.0 0.7541795543261937
320.0 0.7607455253601074
321.0 0.7882126654897418
322.0 0.7822235567229134
323.0 0.8323714051927839
324.0 0.9258554152079991
325.0 0.9666664515222821
326.0 1.0456037010465349
327.0 0.8449963501521519
328.0 0.8270873086793082
329.0 0.7206696612494332
330.0 0.6168942110879081
331.0 0.5778093593461173
332.0 0.5316100035394941
333.0 0.4598010097231184
334.0 0.45980123962674824
335.0 0.4172554016113281
336.0 0.31265915291649954
337.0 0.28265475588185446
338.0 0.2656978688069752
339.0 0.2705303132534027
340.0 0.20327856498105185
341.0 0.22004234152180807
342.0 0.19985653034278325
343.0 0.17424892580934934
344.0 0.16857679613998958
345.0 0.12831862536924227
346.0 0.1346530169248581
